{
 "cells": [
  {
   "cell_type": "code",
   "execution_count": 1,
   "id": "22009189",
   "metadata": {},
   "outputs": [
    {
     "data": {
      "text/html": [
       "<div>\n",
       "<style scoped>\n",
       "    .dataframe tbody tr th:only-of-type {\n",
       "        vertical-align: middle;\n",
       "    }\n",
       "\n",
       "    .dataframe tbody tr th {\n",
       "        vertical-align: top;\n",
       "    }\n",
       "\n",
       "    .dataframe thead th {\n",
       "        text-align: right;\n",
       "    }\n",
       "</style>\n",
       "<table border=\"1\" class=\"dataframe\">\n",
       "  <thead>\n",
       "    <tr style=\"text-align: right;\">\n",
       "      <th></th>\n",
       "      <th>Institution</th>\n",
       "      <th>IC</th>\n",
       "      <th>IF</th>\n",
       "      <th>PP</th>\n",
       "      <th>RS</th>\n",
       "      <th>SS</th>\n",
       "      <th>ECA</th>\n",
       "    </tr>\n",
       "  </thead>\n",
       "  <tbody>\n",
       "    <tr>\n",
       "      <th>0</th>\n",
       "      <td>Inst_1</td>\n",
       "      <td>229</td>\n",
       "      <td>151</td>\n",
       "      <td>304</td>\n",
       "      <td>169</td>\n",
       "      <td>56</td>\n",
       "      <td>49</td>\n",
       "    </tr>\n",
       "    <tr>\n",
       "      <th>1</th>\n",
       "      <td>Inst_2</td>\n",
       "      <td>227</td>\n",
       "      <td>143</td>\n",
       "      <td>298</td>\n",
       "      <td>169</td>\n",
       "      <td>53</td>\n",
       "      <td>79</td>\n",
       "    </tr>\n",
       "    <tr>\n",
       "      <th>2</th>\n",
       "      <td>Inst_3</td>\n",
       "      <td>226</td>\n",
       "      <td>145</td>\n",
       "      <td>266</td>\n",
       "      <td>167</td>\n",
       "      <td>54</td>\n",
       "      <td>63</td>\n",
       "    </tr>\n",
       "    <tr>\n",
       "      <th>3</th>\n",
       "      <td>Inst_4</td>\n",
       "      <td>191</td>\n",
       "      <td>110</td>\n",
       "      <td>316</td>\n",
       "      <td>163</td>\n",
       "      <td>41</td>\n",
       "      <td>64</td>\n",
       "    </tr>\n",
       "    <tr>\n",
       "      <th>4</th>\n",
       "      <td>Inst_5</td>\n",
       "      <td>179</td>\n",
       "      <td>117</td>\n",
       "      <td>247</td>\n",
       "      <td>160</td>\n",
       "      <td>53</td>\n",
       "      <td>53</td>\n",
       "    </tr>\n",
       "    <tr>\n",
       "      <th>5</th>\n",
       "      <td>Inst_6</td>\n",
       "      <td>148</td>\n",
       "      <td>102</td>\n",
       "      <td>180</td>\n",
       "      <td>147</td>\n",
       "      <td>43</td>\n",
       "      <td>27</td>\n",
       "    </tr>\n",
       "    <tr>\n",
       "      <th>6</th>\n",
       "      <td>Inst_7</td>\n",
       "      <td>131</td>\n",
       "      <td>78</td>\n",
       "      <td>138</td>\n",
       "      <td>145</td>\n",
       "      <td>46</td>\n",
       "      <td>25</td>\n",
       "    </tr>\n",
       "    <tr>\n",
       "      <th>7</th>\n",
       "      <td>Inst_8</td>\n",
       "      <td>124</td>\n",
       "      <td>61</td>\n",
       "      <td>130</td>\n",
       "      <td>142</td>\n",
       "      <td>38</td>\n",
       "      <td>9</td>\n",
       "    </tr>\n",
       "    <tr>\n",
       "      <th>8</th>\n",
       "      <td>Inst_9</td>\n",
       "      <td>88</td>\n",
       "      <td>58</td>\n",
       "      <td>121</td>\n",
       "      <td>143</td>\n",
       "      <td>40</td>\n",
       "      <td>34</td>\n",
       "    </tr>\n",
       "    <tr>\n",
       "      <th>9</th>\n",
       "      <td>Inst_10</td>\n",
       "      <td>92</td>\n",
       "      <td>48</td>\n",
       "      <td>100</td>\n",
       "      <td>137</td>\n",
       "      <td>32</td>\n",
       "      <td>2</td>\n",
       "    </tr>\n",
       "  </tbody>\n",
       "</table>\n",
       "</div>"
      ],
      "text/plain": [
       "  Institution   IC   IF   PP   RS  SS  ECA\n",
       "0      Inst_1  229  151  304  169  56   49\n",
       "1      Inst_2  227  143  298  169  53   79\n",
       "2      Inst_3  226  145  266  167  54   63\n",
       "3      Inst_4  191  110  316  163  41   64\n",
       "4      Inst_5  179  117  247  160  53   53\n",
       "5      Inst_6  148  102  180  147  43   27\n",
       "6      Inst_7  131   78  138  145  46   25\n",
       "7      Inst_8  124   61  130  142  38    9\n",
       "8      Inst_9   88   58  121  143  40   34\n",
       "9     Inst_10   92   48  100  137  32    2"
      ]
     },
     "execution_count": 1,
     "metadata": {},
     "output_type": "execute_result"
    }
   ],
   "source": [
    "import pandas as pd\n",
    "\n",
    "data = {\n",
    "    'Institution': ['Inst_1', 'Inst_2', 'Inst_3', 'Inst_4', 'Inst_5', 'Inst_6', 'Inst_7', 'Inst_8', 'Inst_9', 'Inst_10'],\n",
    "    'IC': [229, 227, 226, 191, 179, 148, 131, 124, 88, 92],\n",
    "    'IF': [151, 143, 145, 110, 117, 102, 78, 61, 58, 48],\n",
    "    'PP': [304, 298, 266, 316, 247, 180, 138, 130, 121, 100],\n",
    "    'RS': [169, 169, 167, 163, 160, 147, 145, 142, 143, 137],\n",
    "    'SS': [56, 53, 54, 41, 53, 43, 46, 38, 40, 32],\n",
    "    'ECA': [49, 79, 63, 64, 53, 27, 25, 9, 34, 2]\n",
    "}\n",
    "\n",
    "# Range for each feature\n",
    "range_dict = {\n",
    "    \"IC\": [1, 250],\n",
    "    \"IF\": [1, 200],\n",
    "    \"PP\": [1, 385],\n",
    "    \"RS\": [1, 200],\n",
    "    \"SS\": [1, 60],\n",
    "    \"ECA\": [1, 80]\n",
    "}\n",
    "\n",
    "# Define Weights for Features (User Input)\n",
    "weights = {\n",
    "    \"IC\": 0.2,\n",
    "    \"IF\": 0.005,\n",
    "    \"PP\": 0.45,\n",
    "    \"RS\": 0.2,\n",
    "    \"SS\": 0.1,\n",
    "    \"ECA\": 0.0007\n",
    "}\n",
    "\n",
    "df = pd.DataFrame(data)\n",
    "df"
   ]
  },
  {
   "cell_type": "markdown",
   "id": "3bce145d",
   "metadata": {},
   "source": [
    "# Function to calculate membership value for each feature\n"
   ]
  },
  {
   "cell_type": "code",
   "execution_count": 2,
   "id": "3b16200e",
   "metadata": {},
   "outputs": [],
   "source": [
    "def calculate_membership(Vix, Viy, max_value):\n",
    "    return round(1 - abs(Vix - Viy) / max_value, 3)"
   ]
  },
  {
   "cell_type": "code",
   "execution_count": 3,
   "id": "9aff24e6",
   "metadata": {},
   "outputs": [],
   "source": [
    "def fuzzy_grouping_by_membership(df, range_dict, alpha=0.92):\n",
    "    feature_groups = {}\n",
    "    membership_values = {}\n",
    "\n",
    "    for feature in df.columns[1:]:  # Skip 'Institution'\n",
    "        max_value = range_dict[feature][1]\n",
    "        memberships = []\n",
    "\n",
    "        # Calculate membership values\n",
    "        for i in range(len(df)):\n",
    "            row_membership = [calculate_membership(df[feature][i], df[feature][j], max_value) for j in range(len(df))]\n",
    "            memberships.append(row_membership)\n",
    "\n",
    "        # Store membership values as DataFrame\n",
    "        membership_values[feature] = pd.DataFrame(memberships, columns=df['Institution'], index=df['Institution'])\n",
    "\n",
    "        # Start with individual clusters\n",
    "        clusters = [[df['Institution'][i]] for i in range(len(df))]\n",
    "\n",
    "        # Merge clusters based on fuzzy proximity relation μR(x, y) ≥ α\n",
    "        for i in range(len(df)):\n",
    "            for j in range(i + 1, len(df)):\n",
    "                if memberships[i][j] >= alpha:\n",
    "                    cluster_i = next(cluster for cluster in clusters if df['Institution'][i] in cluster)\n",
    "                    cluster_j = next(cluster for cluster in clusters if df['Institution'][j] in cluster)\n",
    "\n",
    "                    if cluster_i != cluster_j:  \n",
    "                        cluster_i.extend(cluster_j)\n",
    "                        clusters.remove(cluster_j)\n",
    "\n",
    "        feature_groups[feature] = clusters\n",
    "\n",
    "    return feature_groups, membership_values\n",
    "\n",
    "\n",
    "fuzzy_groups, membership_values = fuzzy_grouping_by_membership(df, range_dict)"
   ]
  },
  {
   "cell_type": "code",
   "execution_count": 4,
   "id": "aa01994e",
   "metadata": {},
   "outputs": [],
   "source": [
    "def compute_Z_and_C(df, range_dict, fuzzy_groups, weights):\n",
    "    Z_values = {inst: [] for inst in df['Institution']}\n",
    "    C_values = {inst: 0 for inst in df['Institution']}\n",
    "    weighted_C_values = {inst: 0 for inst in df['Institution']}\n",
    "\n",
    "    for feature, clusters in fuzzy_groups.items():\n",
    "        max_value = range_dict[feature][1]\n",
    "\n",
    "        # Compute Z values\n",
    "        for cluster in clusters:\n",
    "            m = len(cluster)\n",
    "            sum_values = sum(df[df['Institution'] == inst][feature].values[0] for inst in cluster)\n",
    "            Z_value = round(sum_values / (m * max_value), 3)\n",
    "\n",
    "            for inst in cluster:\n",
    "                Z_values[inst].append(Z_value)\n",
    "\n",
    "    # Compute C values and weighted c value\n",
    "    for inst in df['Institution']:\n",
    "        C_values[inst] = round(sum(Z_values[inst]), 3)\n",
    "        weighted_C_values[inst] = round(sum(Z_values[inst][i] * list(weights.values())[i] for i in range(len(weights))), 3)\n",
    "\n",
    "    return Z_values, C_values, weighted_C_values\n",
    "\n",
    "Z_values, C_values, weighted_C_values = compute_Z_and_C(df, range_dict, fuzzy_groups, weights)"
   ]
  },
  {
   "cell_type": "code",
   "execution_count": 5,
   "id": "90d96b66",
   "metadata": {},
   "outputs": [],
   "source": [
    "Z_table = pd.DataFrame(Z_values, index=df.columns[1:]).transpose()\n",
    "Z_table['C_value'] = Z_table.sum(axis=1)\n",
    "\n",
    "# Prepare the weighted final table\n",
    "Weighted_Z_table = Z_table.copy()\n",
    "Weighted_Z_table['Weighted_C_value'] = list(weighted_C_values.values())\n",
    "\n",
    "# Round values to 2 decimal places\n",
    "Z_table = Z_table.round(2)\n",
    "Weighted_Z_table = Weighted_Z_table.round(3)\n",
    "\n",
    "# Determine the best institution(s) based on C value\n",
    "max_C_value = Z_table['C_value'].max()\n",
    "best_institutions = Z_table[Z_table['C_value'] == max_C_value].index.tolist()\n",
    "\n",
    "# Determine the best institution(s) based on Weighted C value\n",
    "max_weighted_C_value = Weighted_Z_table['Weighted_C_value'].max()\n",
    "best_weighted_institutions = Weighted_Z_table[Weighted_Z_table['Weighted_C_value'] == max_weighted_C_value].index.tolist()\n"
   ]
  },
  {
   "cell_type": "markdown",
   "id": "6e138c39",
   "metadata": {},
   "source": [
    "# Membership Value Tables for Each Feature"
   ]
  },
  {
   "cell_type": "code",
   "execution_count": 6,
   "id": "37560282",
   "metadata": {
    "scrolled": false
   },
   "outputs": [
    {
     "name": "stdout",
     "output_type": "stream",
     "text": [
      "\n",
      "Membership Values for Feature IC:\n",
      "Institution  Inst_1  Inst_2  Inst_3  Inst_4  Inst_5  Inst_6  Inst_7  Inst_8  \\\n",
      "Institution                                                                   \n",
      "Inst_1        1.000   0.992   0.988   0.848   0.800   0.676   0.608   0.580   \n",
      "Inst_2        0.992   1.000   0.996   0.856   0.808   0.684   0.616   0.588   \n",
      "Inst_3        0.988   0.996   1.000   0.860   0.812   0.688   0.620   0.592   \n",
      "Inst_4        0.848   0.856   0.860   1.000   0.952   0.828   0.760   0.732   \n",
      "Inst_5        0.800   0.808   0.812   0.952   1.000   0.876   0.808   0.780   \n",
      "Inst_6        0.676   0.684   0.688   0.828   0.876   1.000   0.932   0.904   \n",
      "Inst_7        0.608   0.616   0.620   0.760   0.808   0.932   1.000   0.972   \n",
      "Inst_8        0.580   0.588   0.592   0.732   0.780   0.904   0.972   1.000   \n",
      "Inst_9        0.436   0.444   0.448   0.588   0.636   0.760   0.828   0.856   \n",
      "Inst_10       0.452   0.460   0.464   0.604   0.652   0.776   0.844   0.872   \n",
      "\n",
      "Institution  Inst_9  Inst_10  \n",
      "Institution                   \n",
      "Inst_1        0.436    0.452  \n",
      "Inst_2        0.444    0.460  \n",
      "Inst_3        0.448    0.464  \n",
      "Inst_4        0.588    0.604  \n",
      "Inst_5        0.636    0.652  \n",
      "Inst_6        0.760    0.776  \n",
      "Inst_7        0.828    0.844  \n",
      "Inst_8        0.856    0.872  \n",
      "Inst_9        1.000    0.984  \n",
      "Inst_10       0.984    1.000  \n",
      "\n",
      "Membership Values for Feature IF:\n",
      "Institution  Inst_1  Inst_2  Inst_3  Inst_4  Inst_5  Inst_6  Inst_7  Inst_8  \\\n",
      "Institution                                                                   \n",
      "Inst_1        1.000   0.960   0.970   0.795   0.830   0.755   0.635   0.550   \n",
      "Inst_2        0.960   1.000   0.990   0.835   0.870   0.795   0.675   0.590   \n",
      "Inst_3        0.970   0.990   1.000   0.825   0.860   0.785   0.665   0.580   \n",
      "Inst_4        0.795   0.835   0.825   1.000   0.965   0.960   0.840   0.755   \n",
      "Inst_5        0.830   0.870   0.860   0.965   1.000   0.925   0.805   0.720   \n",
      "Inst_6        0.755   0.795   0.785   0.960   0.925   1.000   0.880   0.795   \n",
      "Inst_7        0.635   0.675   0.665   0.840   0.805   0.880   1.000   0.915   \n",
      "Inst_8        0.550   0.590   0.580   0.755   0.720   0.795   0.915   1.000   \n",
      "Inst_9        0.535   0.575   0.565   0.740   0.705   0.780   0.900   0.985   \n",
      "Inst_10       0.485   0.525   0.515   0.690   0.655   0.730   0.850   0.935   \n",
      "\n",
      "Institution  Inst_9  Inst_10  \n",
      "Institution                   \n",
      "Inst_1        0.535    0.485  \n",
      "Inst_2        0.575    0.525  \n",
      "Inst_3        0.565    0.515  \n",
      "Inst_4        0.740    0.690  \n",
      "Inst_5        0.705    0.655  \n",
      "Inst_6        0.780    0.730  \n",
      "Inst_7        0.900    0.850  \n",
      "Inst_8        0.985    0.935  \n",
      "Inst_9        1.000    0.950  \n",
      "Inst_10       0.950    1.000  \n",
      "\n",
      "Membership Values for Feature PP:\n",
      "Institution  Inst_1  Inst_2  Inst_3  Inst_4  Inst_5  Inst_6  Inst_7  Inst_8  \\\n",
      "Institution                                                                   \n",
      "Inst_1        1.000   0.984   0.901   0.969   0.852   0.678   0.569   0.548   \n",
      "Inst_2        0.984   1.000   0.917   0.953   0.868   0.694   0.584   0.564   \n",
      "Inst_3        0.901   0.917   1.000   0.870   0.951   0.777   0.668   0.647   \n",
      "Inst_4        0.969   0.953   0.870   1.000   0.821   0.647   0.538   0.517   \n",
      "Inst_5        0.852   0.868   0.951   0.821   1.000   0.826   0.717   0.696   \n",
      "Inst_6        0.678   0.694   0.777   0.647   0.826   1.000   0.891   0.870   \n",
      "Inst_7        0.569   0.584   0.668   0.538   0.717   0.891   1.000   0.979   \n",
      "Inst_8        0.548   0.564   0.647   0.517   0.696   0.870   0.979   1.000   \n",
      "Inst_9        0.525   0.540   0.623   0.494   0.673   0.847   0.956   0.977   \n",
      "Inst_10       0.470   0.486   0.569   0.439   0.618   0.792   0.901   0.922   \n",
      "\n",
      "Institution  Inst_9  Inst_10  \n",
      "Institution                   \n",
      "Inst_1        0.525    0.470  \n",
      "Inst_2        0.540    0.486  \n",
      "Inst_3        0.623    0.569  \n",
      "Inst_4        0.494    0.439  \n",
      "Inst_5        0.673    0.618  \n",
      "Inst_6        0.847    0.792  \n",
      "Inst_7        0.956    0.901  \n",
      "Inst_8        0.977    0.922  \n",
      "Inst_9        1.000    0.945  \n",
      "Inst_10       0.945    1.000  \n",
      "\n",
      "Membership Values for Feature RS:\n",
      "Institution  Inst_1  Inst_2  Inst_3  Inst_4  Inst_5  Inst_6  Inst_7  Inst_8  \\\n",
      "Institution                                                                   \n",
      "Inst_1        1.000   1.000   0.990   0.970   0.955   0.890   0.880   0.865   \n",
      "Inst_2        1.000   1.000   0.990   0.970   0.955   0.890   0.880   0.865   \n",
      "Inst_3        0.990   0.990   1.000   0.980   0.965   0.900   0.890   0.875   \n",
      "Inst_4        0.970   0.970   0.980   1.000   0.985   0.920   0.910   0.895   \n",
      "Inst_5        0.955   0.955   0.965   0.985   1.000   0.935   0.925   0.910   \n",
      "Inst_6        0.890   0.890   0.900   0.920   0.935   1.000   0.990   0.975   \n",
      "Inst_7        0.880   0.880   0.890   0.910   0.925   0.990   1.000   0.985   \n",
      "Inst_8        0.865   0.865   0.875   0.895   0.910   0.975   0.985   1.000   \n",
      "Inst_9        0.870   0.870   0.880   0.900   0.915   0.980   0.990   0.995   \n",
      "Inst_10       0.840   0.840   0.850   0.870   0.885   0.950   0.960   0.975   \n",
      "\n",
      "Institution  Inst_9  Inst_10  \n",
      "Institution                   \n",
      "Inst_1        0.870    0.840  \n",
      "Inst_2        0.870    0.840  \n",
      "Inst_3        0.880    0.850  \n",
      "Inst_4        0.900    0.870  \n",
      "Inst_5        0.915    0.885  \n",
      "Inst_6        0.980    0.950  \n",
      "Inst_7        0.990    0.960  \n",
      "Inst_8        0.995    0.975  \n",
      "Inst_9        1.000    0.970  \n",
      "Inst_10       0.970    1.000  \n",
      "\n",
      "Membership Values for Feature SS:\n",
      "Institution  Inst_1  Inst_2  Inst_3  Inst_4  Inst_5  Inst_6  Inst_7  Inst_8  \\\n",
      "Institution                                                                   \n",
      "Inst_1        1.000   0.950   0.967   0.750   0.950   0.783   0.833   0.700   \n",
      "Inst_2        0.950   1.000   0.983   0.800   1.000   0.833   0.883   0.750   \n",
      "Inst_3        0.967   0.983   1.000   0.783   0.983   0.817   0.867   0.733   \n",
      "Inst_4        0.750   0.800   0.783   1.000   0.800   0.967   0.917   0.950   \n",
      "Inst_5        0.950   1.000   0.983   0.800   1.000   0.833   0.883   0.750   \n",
      "Inst_6        0.783   0.833   0.817   0.967   0.833   1.000   0.950   0.917   \n",
      "Inst_7        0.833   0.883   0.867   0.917   0.883   0.950   1.000   0.867   \n",
      "Inst_8        0.700   0.750   0.733   0.950   0.750   0.917   0.867   1.000   \n",
      "Inst_9        0.733   0.783   0.767   0.983   0.783   0.950   0.900   0.967   \n",
      "Inst_10       0.600   0.650   0.633   0.850   0.650   0.817   0.767   0.900   \n",
      "\n",
      "Institution  Inst_9  Inst_10  \n",
      "Institution                   \n",
      "Inst_1        0.733    0.600  \n",
      "Inst_2        0.783    0.650  \n",
      "Inst_3        0.767    0.633  \n",
      "Inst_4        0.983    0.850  \n",
      "Inst_5        0.783    0.650  \n",
      "Inst_6        0.950    0.817  \n",
      "Inst_7        0.900    0.767  \n",
      "Inst_8        0.967    0.900  \n",
      "Inst_9        1.000    0.867  \n",
      "Inst_10       0.867    1.000  \n",
      "\n",
      "Membership Values for Feature ECA:\n",
      "Institution  Inst_1  Inst_2  Inst_3  Inst_4  Inst_5  Inst_6  Inst_7  Inst_8  \\\n",
      "Institution                                                                   \n",
      "Inst_1        1.000   0.625   0.825   0.812   0.950   0.725   0.700   0.500   \n",
      "Inst_2        0.625   1.000   0.800   0.812   0.675   0.350   0.325   0.125   \n",
      "Inst_3        0.825   0.800   1.000   0.988   0.875   0.550   0.525   0.325   \n",
      "Inst_4        0.812   0.812   0.988   1.000   0.862   0.538   0.512   0.312   \n",
      "Inst_5        0.950   0.675   0.875   0.862   1.000   0.675   0.650   0.450   \n",
      "Inst_6        0.725   0.350   0.550   0.538   0.675   1.000   0.975   0.775   \n",
      "Inst_7        0.700   0.325   0.525   0.512   0.650   0.975   1.000   0.800   \n",
      "Inst_8        0.500   0.125   0.325   0.312   0.450   0.775   0.800   1.000   \n",
      "Inst_9        0.812   0.438   0.638   0.625   0.762   0.912   0.888   0.688   \n",
      "Inst_10       0.412   0.037   0.238   0.225   0.363   0.688   0.712   0.912   \n",
      "\n",
      "Institution  Inst_9  Inst_10  \n",
      "Institution                   \n",
      "Inst_1        0.812    0.412  \n",
      "Inst_2        0.438    0.037  \n",
      "Inst_3        0.638    0.238  \n",
      "Inst_4        0.625    0.225  \n",
      "Inst_5        0.762    0.363  \n",
      "Inst_6        0.912    0.688  \n",
      "Inst_7        0.888    0.712  \n",
      "Inst_8        0.688    0.912  \n",
      "Inst_9        1.000    0.600  \n",
      "Inst_10       0.600    1.000  \n"
     ]
    }
   ],
   "source": [
    "for feature, membership_df in membership_values.items():\n",
    "    print(f\"\\nMembership Values for Feature {feature}:\")\n",
    "    print(membership_df.round(3))"
   ]
  },
  {
   "cell_type": "markdown",
   "id": "9dc87ea5",
   "metadata": {},
   "source": [
    "# Fuzzy Groups Formed for Each Feature"
   ]
  },
  {
   "cell_type": "code",
   "execution_count": 7,
   "id": "736fb2ee",
   "metadata": {},
   "outputs": [
    {
     "name": "stdout",
     "output_type": "stream",
     "text": [
      "\n",
      "Fuzzy Groups for Feature IC:\n",
      "['Inst_1', 'Inst_2', 'Inst_3']\n",
      "['Inst_4', 'Inst_5']\n",
      "['Inst_6', 'Inst_7', 'Inst_8']\n",
      "['Inst_9', 'Inst_10']\n",
      "\n",
      "Fuzzy Groups for Feature IF:\n",
      "['Inst_1', 'Inst_2', 'Inst_3']\n",
      "['Inst_4', 'Inst_5', 'Inst_6']\n",
      "['Inst_7']\n",
      "['Inst_8', 'Inst_9', 'Inst_10']\n",
      "\n",
      "Fuzzy Groups for Feature PP:\n",
      "['Inst_1', 'Inst_2', 'Inst_4']\n",
      "['Inst_3', 'Inst_5']\n",
      "['Inst_6']\n",
      "['Inst_7', 'Inst_8', 'Inst_9', 'Inst_10']\n",
      "\n",
      "Fuzzy Groups for Feature RS:\n",
      "['Inst_1', 'Inst_2', 'Inst_3', 'Inst_4', 'Inst_5', 'Inst_6', 'Inst_7', 'Inst_8', 'Inst_9', 'Inst_10']\n",
      "\n",
      "Fuzzy Groups for Feature SS:\n",
      "['Inst_1', 'Inst_2', 'Inst_3', 'Inst_5']\n",
      "['Inst_4', 'Inst_6', 'Inst_8', 'Inst_9', 'Inst_7']\n",
      "['Inst_10']\n",
      "\n",
      "Fuzzy Groups for Feature ECA:\n",
      "['Inst_1', 'Inst_5']\n",
      "['Inst_2']\n",
      "['Inst_3', 'Inst_4']\n",
      "['Inst_6', 'Inst_7']\n",
      "['Inst_8']\n",
      "['Inst_9']\n",
      "['Inst_10']\n"
     ]
    }
   ],
   "source": [
    "for feature, clusters in fuzzy_groups.items():\n",
    "    print(f\"\\nFuzzy Groups for Feature {feature}:\")\n",
    "    for cluster in clusters:\n",
    "        print(cluster)"
   ]
  },
  {
   "cell_type": "code",
   "execution_count": 8,
   "id": "22a747a4",
   "metadata": {
    "scrolled": false
   },
   "outputs": [
    {
     "name": "stdout",
     "output_type": "stream",
     "text": [
      "\n",
      "Membership Values for Feature IC:\n"
     ]
    },
    {
     "data": {
